version https://git-lfs.github.com/spec/v1
oid sha256:167d722973aca83baa686ef6c872f2d30eeb7797ebe8375d474eb0595639a75d
size 55529562
