version https://git-lfs.github.com/spec/v1
oid sha256:d3037fa3898f7a80b7353ea471477b1b593242f33c03a57e96a7489c263fe24a
size 55569554
